4.382804036140442106e-08,9.313225746154785673e-11
9.313225746154785673e-11,4.984252154827117454e-07
